crossing time (s)	slope (V/s)	crossing number
281474976710655.000000	14.634727	5566	0.000000
281474976710655.000000	15.417871	5567	0.000000
281474976710655.000000	13.136971	5568	0.000000
281474976710655.000000	15.598187	5569	0.000000
281474976710655.000000	13.538505	5570	0.000000
281474976710655.000000	15.777863	5571	0.000000
281474976710655.000000	13.387709	5572	0.000000
281474976710655.000000	15.519068	5573	0.000000
281474976710655.000000	13.410435	5574	0.000000
281474976710655.000000	15.975248	5575	0.000000
281474976710655.000000	13.460060	5576	0.000000
281474976710655.000000	15.503095	5577	0.000000
281474976710655.000000	13.499282	5578	0.000000
281474976710655.000000	15.929643	5579	0.000000
281474976710655.000000	14.618126	5580	0.000000
281474976710655.000000	14.973588	5581	0.000000
281474976710655.000000	14.022124	5582	0.000000
281474976710655.000000	14.982041	5583	0.000000
281474976710655.000000	14.635656	5584	0.000000
281474976710655.000000	14.359414	5585	0.000000
281474976710655.000000	14.634168	5586	0.000000
281474976710655.000000	14.541458	5587	0.000000
281474976710655.000000	15.338756	5588	0.000000
281474976710655.000000	14.473183	5589	0.000000
281474976710655.000000	15.585320	5590	0.000000
281474976710655.000000	14.574324	5591	0.000000
281474976710655.000000	14.818372	5592	0.000000
281474976710655.000000	14.687512	5593	0.000000
281474976710655.000000	14.512026	5594	0.000000
281474976710655.000000	14.860780	5595	0.000000
281474976710655.000000	14.215528	5596	0.000000
281474976710655.000000	15.334251	5597	0.000000
281474976710655.000000	13.601285	5598	0.000000
281474976710655.000000	15.764064	5599	0.000000
281474976710655.000000	14.042916	5600	0.000000
281474976710655.000000	15.220306	5601	0.000000
281474976710655.000000	13.118902	5602	0.000000
281474976710655.000000	15.620550	5603	0.000000
281474976710655.000000	13.810548	5604	0.000000
281474976710655.000000	14.976427	5605	0.000000
281474976710655.000000	14.073251	5606	0.000000
281474976710655.000000	15.316564	5607	0.000000
281474976710655.000000	13.538200	5608	0.000000
281474976710655.000000	15.596411	5609	0.000000
281474976710655.000000	13.849629	5610	0.000000
281474976710655.000000	15.501435	5611	0.000000
281474976710655.000000	13.898461	5612	0.000000
281474976710655.000000	15.339307	5613	0.000000
281474976710655.000000	13.640974	5614	0.000000
281474976710655.000000	15.389509	5615	0.000000
281474976710655.000000	13.878620	5616	0.000000
281474976710655.000000	15.294957	5617	0.000000
281474976710655.000000	13.382199	5618	0.000000
281474976710655.000000	15.398829	5619	0.000000
281474976710655.000000	13.660793	5620	0.000000
281474976710655.000000	15.002941	5621	0.000000
281474976710655.000000	13.661874	5622	0.000000
281474976710655.000000	15.199135	5623	0.000000
281474976710655.000000	13.524337	5624	0.000000
281474976710655.000000	15.023344	5625	0.000000
281474976710655.000000	13.637160	5626	0.000000
281474976710655.000000	14.682956	5627	0.000000
281474976710655.000000	14.057224	5628	0.000000
281474976710655.000000	14.768933	5629	0.000000
281474976710655.000000	14.551757	5630	0.000000
281474976710655.000000	14.742308	5631	0.000000
281474976710655.000000	14.182083	5632	0.000000
281474976710655.000000	14.464873	5633	0.000000
281474976710655.000000	14.187544	5634	0.000000
281474976710655.000000	14.593181	5635	0.000000
281474976710655.000000	14.813861	5636	0.000000
281474976710655.000000	14.525922	5637	0.000000
281474976710655.000000	14.461441	5638	0.000000
281474976710655.000000	14.634452	5639	0.000000
281474976710655.000000	14.314825	5640	0.000000
281474976710655.000000	14.966458	5641	0.000000
281474976710655.000000	14.110305	5642	0.000000
281474976710655.000000	14.743443	5643	0.000000
281474976710655.000000	13.988999	5644	0.000000
281474976710655.000000	14.460388	5645	0.000000
281474976710655.000000	13.629028	5646	0.000000
281474976710655.000000	14.838261	5647	0.000000
281474976710655.000000	13.466388	5648	0.000000
281474976710655.000000	14.900700	5649	0.000000
281474976710655.000000	13.883806	5650	0.000000
281474976710655.000000	15.151831	5651	0.000000
281474976710655.000000	13.726081	5652	0.000000
281474976710655.000000	14.714641	5653	0.000000
281474976710655.000000	13.805158	5654	0.000000
281474976710655.000000	14.996675	5655	0.000000
281474976710655.000000	13.272293	5656	0.000000
281474976710655.000000	14.630513	5657	0.000000
281474976710655.000000	13.837344	5658	0.000000
281474976710655.000000	14.533838	5659	0.000000
281474976710655.000000	13.852853	5660	0.000000
281474976710655.000000	14.758577	5661	0.000000
281474976710655.000000	14.165394	5662	0.000000
281474976710655.000000	15.478668	5663	0.000000
281474976710655.000000	13.278837	5664	0.000000
281474976710655.000000	14.316666	5665	0.000000
281474976710655.000000	13.479004	5666	0.000000
281474976710655.000000	14.441230	5667	0.000000
281474976710655.000000	13.636773	5668	0.000000
281474976710655.000000	14.390365	5669	0.000000
281474976710655.000000	13.900097	5670	0.000000
281474976710655.000000	14.641171	5671	0.000000
281474976710655.000000	13.718087	5672	0.000000
281474976710655.000000	13.990272	5673	0.000000
281474976710655.000000	14.096008	5674	0.000000
281474976710655.000000	13.998846	5675	0.000000
281474976710655.000000	13.477366	5676	0.000000
281474976710655.000000	14.149276	5677	0.000000
281474976710655.000000	13.517775	5678	0.000000
281474976710655.000000	14.104931	5679	0.000000
281474976710655.000000	13.981355	5680	0.000000
281474976710655.000000	14.002358	5681	0.000000
281474976710655.000000	13.881390	5682	0.000000
281474976710655.000000	13.997796	5683	0.000000
281474976710655.000000	13.645848	5684	0.000000
281474976710655.000000	14.046724	5685	0.000000
281474976710655.000000	13.627907	5686	0.000000
281474976710655.000000	14.301786	5687	0.000000
281474976710655.000000	13.946114	5688	0.000000
281474976710655.000000	14.146817	5689	0.000000
281474976710655.000000	12.990796	5690	0.000000
281474976710655.000000	13.966252	5691	0.000000
281474976710655.000000	13.273431	5692	0.000000
281474976710655.000000	14.475638	5693	0.000000
281474976710655.000000	12.959524	5694	0.000000
281474976710655.000000	14.374291	5695	0.000000
281474976710655.000000	13.232730	5696	0.000000
281474976710655.000000	13.766703	5697	0.000000
281474976710655.000000	13.045877	5698	0.000000
281474976710655.000000	14.147876	5699	0.000000
281474976710655.000000	12.897140	5700	0.000000
281474976710655.000000	14.046423	5701	0.000000
281474976710655.000000	13.192944	5702	0.000000
281474976710655.000000	13.963126	5703	0.000000
281474976710655.000000	13.452678	5704	0.000000
281474976710655.000000	13.791855	5705	0.000000
281474976710655.000000	13.105670	5706	0.000000
281474976710655.000000	13.898854	5707	0.000000
281474976710655.000000	13.499425	5708	0.000000
281474976710655.000000	13.832104	5709	0.000000
281474976710655.000000	13.096313	5710	0.000000
281474976710655.000000	14.071115	5711	0.000000
281474976710655.000000	13.062962	5712	0.000000
281474976710655.000000	14.046735	5713	0.000000
281474976710655.000000	12.713758	5714	0.000000
281474976710655.000000	13.579492	5715	0.000000
281474976710655.000000	12.775531	5716	0.000000
281474976710655.000000	13.715754	5717	0.000000
281474976710655.000000	13.176177	5718	0.000000
281474976710655.000000	13.609804	5719	0.000000
281474976710655.000000	12.991243	5720	0.000000
281474976710655.000000	13.628108	5721	0.000000
281474976710655.000000	13.332118	5722	0.000000
281474976710655.000000	13.821157	5723	0.000000
281474976710655.000000	13.224634	5724	0.000000
281474976710655.000000	13.474874	5725	0.000000
281474976710655.000000	13.215121	5726	0.000000
281474976710655.000000	13.240858	5727	0.000000
281474976710655.000000	13.192859	5728	0.000000
281474976710655.000000	13.116107	5729	0.000000
281474976710655.000000	13.541889	5730	0.000000
281474976710655.000000	13.436435	5731	0.000000
281474976710655.000000	13.081419	5732	0.000000
281474976710655.000000	13.373665	5733	0.000000
281474976710655.000000	12.981380	5734	0.000000
281474976710655.000000	13.551828	5735	0.000000
281474976710655.000000	12.791367	5736	0.000000
281474976710655.000000	13.132365	5737	0.000000
281474976710655.000000	12.603584	5738	0.000000
281474976710655.000000	13.849332	5739	0.000000
281474976710655.000000	12.327400	5740	0.000000
281474976710655.000000	13.354452	5741	0.000000
281474976710655.000000	12.425443	5742	0.000000
281474976710655.000000	13.087303	5743	0.000000
281474976710655.000000	12.448427	5744	0.000000
281474976710655.000000	13.399251	5745	0.000000
281474976710655.000000	12.816842	5746	0.000000
281474976710655.000000	12.939438	5747	0.000000
281474976710655.000000	13.187290	5748	0.000000
281474976710655.000000	12.977469	5749	0.000000
281474976710655.000000	12.809833	5750	0.000000
281474976710655.000000	13.452653	5751	0.000000
281474976710655.000000	13.071424	5752	0.000000
281474976710655.000000	12.779421	5753	0.000000
281474976710655.000000	12.710175	5754	0.000000
281474976710655.000000	13.150083	5755	0.000000
281474976710655.000000	12.238263	5756	0.000000
281474976710655.000000	12.606740	5757	0.000000
281474976710655.000000	12.494663	5758	0.000000
281474976710655.000000	12.968381	5759	0.000000
281474976710655.000000	12.164126	5760	0.000000
281474976710655.000000	12.964691	5761	0.000000
281474976710655.000000	12.212513	5762	0.000000
281474976710655.000000	12.632636	5763	0.000000
281474976710655.000000	12.990169	5764	0.000000
281474976710655.000000	12.859343	5765	0.000000
281474976710655.000000	12.522340	5766	0.000000
281474976710655.000000	12.896705	5767	0.000000
281474976710655.000000	12.630788	5768	0.000000
281474976710655.000000	12.889582	5769	0.000000
281474976710655.000000	12.822356	5770	0.000000
281474976710655.000000	12.603056	5771	0.000000
281474976710655.000000	12.597945	5772	0.000000
281474976710655.000000	12.947969	5773	0.000000
281474976710655.000000	12.702360	5774	0.000000
281474976710655.000000	12.704942	5775	0.000000
281474976710655.000000	12.584261	5776	0.000000
281474976710655.000000	12.487238	5777	0.000000
281474976710655.000000	12.590116	5778	0.000000
281474976710655.000000	12.647925	5779	0.000000
281474976710655.000000	12.094084	5780	0.000000
281474976710655.000000	12.605081	5781	0.000000
281474976710655.000000	12.032203	5782	0.000000
281474976710655.000000	12.674147	5783	0.000000
281474976710655.000000	11.916502	5784	0.000000
281474976710655.000000	12.587319	5785	0.000000
281474976710655.000000	12.231777	5786	0.000000
281474976710655.000000	12.616194	5787	0.000000
281474976710655.000000	12.053830	5788	0.000000
281474976710655.000000	12.602156	5789	0.000000
281474976710655.000000	12.287715	5790	0.000000
281474976710655.000000	12.656522	5791	0.000000
281474976710655.000000	12.084888	5792	0.000000
281474976710655.000000	12.479066	5793	0.000000
281474976710655.000000	11.985170	5794	0.000000
281474976710655.000000	12.567084	5795	0.000000
281474976710655.000000	12.028882	5796	0.000000
281474976710655.000000	12.341047	5797	0.000000
281474976710655.000000	11.905058	5798	0.000000
281474976710655.000000	12.107457	5799	0.000000
281474976710655.000000	11.944340	5800	0.000000
281474976710655.000000	12.324157	5801	0.000000
281474976710655.000000	11.821124	5802	0.000000
281474976710655.000000	12.245018	5803	0.000000
281474976710655.000000	11.764148	5804	0.000000
281474976710655.000000	11.892683	5805	0.000000
281474976710655.000000	11.894643	5806	0.000000
281474976710655.000000	12.153457	5807	0.000000
281474976710655.000000	12.046475	5808	0.000000
281474976710655.000000	12.083856	5809	0.000000
281474976710655.000000	12.108439	5810	0.000000
281474976710655.000000	12.015288	5811	0.000000
281474976710655.000000	11.886468	5812	0.000000
281474976710655.000000	11.881057	5813	0.000000
281474976710655.000000	12.142084	5814	0.000000
281474976710655.000000	11.822025	5815	0.000000
281474976710655.000000	11.930450	5816	0.000000
281474976710655.000000	12.103843	5817	0.000000
281474976710655.000000	11.919220	5818	0.000000
281474976710655.000000	11.892035	5819	0.000000
281474976710655.000000	11.759563	5820	0.000000
281474976710655.000000	12.017441	5821	0.000000
281474976710655.000000	11.742977	5822	0.000000
281474976710655.000000	11.719715	5823	0.000000
281474976710655.000000	11.623974	5824	0.000000
281474976710655.000000	11.975398	5825	0.000000
281474976710655.000000	11.583611	5826	0.000000
281474976710655.000000	11.955608	5827	0.000000
281474976710655.000000	11.341445	5828	0.000000
281474976710655.000000	11.737829	5829	0.000000
281474976710655.000000	11.647568	5830	0.000000
281474976710655.000000	11.999352	5831	0.000000
281474976710655.000000	11.591537	5832	0.000000
281474976710655.000000	12.019356	5833	0.000000
281474976710655.000000	11.674590	5834	0.000000
281474976710655.000000	11.740690	5835	0.000000
281474976710655.000000	11.560635	5836	0.000000
281474976710655.000000	11.684314	5837	0.000000
281474976710655.000000	11.411489	5838	0.000000
281474976710655.000000	11.697330	5839	0.000000
281474976710655.000000	11.399382	5840	0.000000
281474976710655.000000	11.880258	5841	0.000000
281474976710655.000000	11.194016	5842	0.000000
281474976710655.000000	11.631156	5843	0.000000
281474976710655.000000	11.457502	5844	0.000000
281474976710655.000000	11.448550	5845	0.000000
281474976710655.000000	11.382373	5846	0.000000
281474976710655.000000	11.546661	5847	0.000000
281474976710655.000000	11.339853	5848	0.000000
281474976710655.000000	11.824441	5849	0.000000
281474976710655.000000	11.187573	5850	0.000000
281474976710655.000000	11.449632	5851	0.000000
281474976710655.000000	11.366914	5852	0.000000
281474976710655.000000	11.436996	5853	0.000000
281474976710655.000000	11.219689	5854	0.000000
281474976710655.000000	11.339032	5855	0.000000
281474976710655.000000	11.164141	5856	0.000000
281474976710655.000000	11.352200	5857	0.000000
281474976710655.000000	11.096964	5858	0.000000
281474976710655.000000	11.252104	5859	0.000000
