num crossings	time (s)	maj axis (mm)	min axis (mm)	theta (rad )	slope (V/s)
11817	73842.981067	96.058143	15.245084	-0.990738	135.043620
11819	73845.075441	95.922941	14.768945	-0.976276	138.316905
11821	73847.168717	95.861875	14.270315	-0.962751	136.445078
11823	73849.260597	95.883887	13.672208	-0.950621	129.385803
11825	73851.351544	95.855055	13.089877	-0.939419	136.876831
11827	73853.441797	95.793083	12.427616	-0.928517	132.214279
11829	73855.530768	95.831600	11.724627	-0.919088	142.466040
11831	73857.619432	95.742850	11.000214	-0.910180	132.045835
11833	73859.707062	95.700841	10.291866	-0.901619	130.106976
11835	73861.794310	95.655857	9.541811	-0.894310	129.289231
11837	73863.880728	95.754689	8.808976	-0.887406	132.130688
11839	73865.966724	95.649529	8.036548	-0.881759	132.771732
11841	73868.051779	95.528093	7.313351	-0.876669	128.423724
11843	73870.136748	95.573232	6.597738	-0.871544	131.494107
11845	73872.220940	95.455053	5.844298	-0.867857	128.220011
11847	73874.304903	95.377577	5.153450	-0.864066	130.390341
11849	73876.388564	95.225252	4.455627	-0.861269	126.357391
11851	73878.471488	95.251317	3.766807	-0.858681	128.436560
11853	73880.554265	95.164163	3.110400	-0.856168	125.378671
11855	73882.636391	95.013936	2.460603	-0.853963	121.640278
11857	73884.718316	94.961858	1.798381	-0.853186	123.149914
11859	73886.799609	94.748126	1.210555	-0.851930	123.596764
11861	73888.880549	94.613775	0.607296	-0.851407	120.858513
11863	73890.961037	94.499169	0.040654	-0.851109	121.706224
11865	73893.041206	94.126827	-0.556950	-0.852286	121.057640
11867	73895.121190	94.193640	-1.075723	-0.851888	123.900576
11869	73897.201003	93.991281	-1.617710	-0.853124	122.023725
11871	73899.280367	93.821714	-2.134647	-0.853720	127.614029
11873	73901.359952	93.496296	-2.657339	-0.855516	121.823799
11875	73903.438937	93.373081	-3.100637	-0.856930	123.668661
11877	73905.518209	93.209222	-3.594123	-0.859428	120.308925
11879	73907.597127	92.978678	-4.043559	-0.861826	122.899967
11881	73909.675791	92.884668	-4.462296	-0.863909	121.691128
11883	73911.754681	92.767207	-4.893797	-0.866419	134.651852
11885	73913.833381	92.484405	-5.320839	-0.869859	124.373954
11887	73915.911736	92.410062	-5.690718	-0.872409	121.282698
11889	73917.990047	92.084797	-6.070176	-0.875797	124.477412
11891	73920.068133	91.992506	-6.413563	-0.878935	120.698107
11893	73922.146312	91.656651	-6.784496	-0.881755	124.681360
11895	73924.224396	91.554342	-7.111397	-0.885362	118.580541
11897	73926.302057	91.352240	-7.411110	-0.888778	122.191682
11899	73928.379861	91.197583	-7.717204	-0.892614	125.201591
11901	73930.457354	91.446588	-8.021352	-0.897923	125.717514
11903	73932.534356	90.983975	-8.242292	-0.899621	123.320168
11905	73934.611560	90.717979	-8.508678	-0.903713	123.995179
11907	73936.688228	90.501766	-8.753296	-0.908231	125.588550
11909	73938.765027	90.363631	-8.954683	-0.912070	127.329719
11911	73940.841433	90.094287	-9.182084	-0.916291	134.932552
11913	73942.917783	89.964842	-9.381797	-0.920342	132.570929
11915	73944.994313	89.749336	-9.562196	-0.924855	125.801364
11917	73947.070442	89.600426	-9.730955	-0.929231	122.240930
11919	73949.146776	89.405162	-9.903567	-0.933446	123.024011
11921	73951.222941	88.952765	-10.070667	-0.939719	127.370921
11923	73953.299092	88.803802	-10.196875	-0.944418	125.929786
11925	73955.375488	88.967288	-10.328102	-0.948064	124.417438
11927	73957.451261	88.884311	-10.432822	-0.952078	126.279228
11929	73959.527287	88.530549	-10.566031	-0.957791	127.270404
11931	73961.602907	88.476160	-10.633411	-0.961379	123.455078
11933	73963.678903	88.269798	-10.756967	-0.966511	123.016086
11935	73965.754645	88.248827	-10.812283	-0.970418	126.190662
11937	73967.830242	87.971457	-10.915357	-0.975594	120.295419
11939	73969.905914	87.833843	-10.985274	-0.980105	123.755194
11941	73971.981135	87.733806	-11.030126	-0.984303	125.186484
11943	73974.056571	87.664286	-11.056687	-0.987996	116.793560
11945	73976.131564	87.488740	-11.116431	-0.992476	128.652861
11947	73978.206738	87.339919	-11.161619	-0.997005	122.560556
11949	73980.281789	87.202074	-11.186551	-1.001484	123.426350
11951	73982.356540	87.178114	-11.177539	-1.005402	123.887783
11953	73984.431456	86.948902	-11.208833	-1.010446	119.610369
11955	73986.505890	86.801618	-11.215307	-1.014773	123.079205
11957	73988.580190	86.733147	-11.213672	-1.018623	122.575383
11959	73990.654280	86.654734	-11.195642	-1.022709	116.631031
11961	73992.728943	86.461935	-11.192939	-1.027530	120.596542
11963	73994.803192	86.291536	-11.200401	-1.031753	119.451323
11965	73996.877263	86.177494	-11.164484	-1.036113	121.289904
11967	73998.951034	86.139176	-11.118042	-1.039888	122.012533
11969	74001.025445	85.940383	-11.095757	-1.044350	125.037192
11971	74003.099618	85.622761	-11.064455	-1.048716	119.037528
11973	74005.173679	85.719876	-11.018872	-1.052972	123.110413
11975	74007.247497	85.629217	-10.965840	-1.057143	120.288201
11977	74009.321456	85.489870	-10.917525	-1.061473	123.600213
11979	74011.395288	85.375169	-10.869846	-1.065391	121.116836
11981	74013.469160	85.300455	-10.814835	-1.068952	120.027705
11983	74015.542835	85.150865	-10.765904	-1.073108	118.909795
11985	74017.616233	85.107600	-10.686452	-1.076347	116.008587
11987	74019.690206	84.952914	-10.639853	-1.080306	117.273564
11989	74021.763647	84.852920	-10.566682	-1.083755	120.041964
11991	74023.837191	84.738618	-10.506538	-1.087170	119.856223
11993	74025.910414	84.623548	-10.438455	-1.090865	112.320964
11995	74027.983817	84.558608	-10.358845	-1.094297	116.395029
11997	74030.056894	84.433963	-10.299132	-1.098083	116.911603
12001	74034.203292	84.135367	-10.173516	-1.105103	116.217732
12003	74036.275980	84.070727	-10.050526	-1.108365	111.877860
12005	74038.349073	83.949776	-9.967064	-1.111651	118.381128
12007	74040.421679	83.888456	-9.860492	-1.114836	113.827249
12009	74042.494347	83.742834	-9.793624	-1.118298	115.248999
12011	74044.566894	83.657861	-9.703596	-1.121464	115.958982
12015	74048.712023	83.487091	-9.508029	-1.127703	111.780800
12017	74050.784522	83.334564	-9.421471	-1.131006	112.006727
12019	74052.857152	83.194488	-9.328347	-1.134289	112.044720
12021	74054.929797	83.077529	-9.236035	-1.137349	110.830698
12023	74057.002287	83.045131	-9.124368	-1.140372	113.037770
12027	74061.147274	82.811225	-8.943412	-1.146598	113.298573
12029	74063.219543	82.681765	-8.831249	-1.149494	114.099249
12031	74065.291777	82.619747	-8.752308	-1.152499	107.465064
12033	74067.363828	82.484113	-8.660921	-1.155414	110.184065
12035	74069.436419	82.431536	-8.540153	-1.157648	105.902362
12037	74071.508360	82.298252	-8.456569	-1.160488	108.520752
12039	74073.580924	82.187410	-8.377708	-1.163262	109.999777
12043	74077.725237	81.957507	-8.173918	-1.168187	105.511979
12045	74079.797147	81.896366	-8.050641	-1.170371	105.342547
12047	74081.869221	81.761773	-7.969247	-1.172638	104.487375
12051	74086.013093	81.575178	-7.762088	-1.177248	103.418064
12055	74090.156477	81.378775	-7.616117	-1.182255	104.289072
12059	74094.299703	81.361263	-7.396310	-1.188144	105.238305
12063	74098.442561	80.937773	-7.180024	-1.191113	102.584036
12065	74100.514401	80.856471	-7.071100	-1.193267	102.500626
12069	74104.657152	80.656823	-6.852776	-1.197649	102.311805
12073	74108.800065	80.423981	-6.648235	-1.202102	103.301620
12077	74112.943121	80.419464	-6.493843	-1.207066	100.053106
12081	74117.085855	80.040577	-6.266692	-1.210069	99.703324
12085	74121.228741	79.839733	-6.083497	-1.214059	100.448429
12089	74125.371437	79.673428	-5.855274	-1.217335	97.385333
12091	74127.442738	79.561132	-5.740015	-1.219100	97.898778
12095	74131.585475	79.314848	-5.582547	-1.222718	96.020836
12099	74135.727726	79.130574	-5.391915	-1.225987	93.398668
12101	74137.799107	79.054133	-5.284007	-1.227295	95.166948
12105	74141.941312	78.804232	-5.149793	-1.230531	98.446903
12107	74144.012317	79.291023	-5.085195	-1.232752	93.659926
12109	74146.083585	78.688187	-4.930178	-1.232895	91.733450
12113	74150.225027	78.401138	-4.793678	-1.236108	90.865182
12115	74152.295734	78.429778	-4.663419	-1.237173	93.406395
